http://ccmc.gsfc.nasa.gov/modelweb/models/nrlmsise00.php

VITMO ModelWeb Browser Results 
NRLMSISE-00 model listing
Input parameters 
year= 2015, month= 1, day= 1, hour= 1.50, 
Time_type = Universal
Coordinate_type = Geographic
latitude= 55.00, longitude= 45.00, height= 100.00
Prof. parameters: start= 0.00 stop= 400.00 step= 1.00 
Optional parametes: F10.7(daily) =not specified; F10.7(3-month avg) =not specified; ap(daily) = not specified 
   Selected parameters are:
1 Height, km
2 O, cm-3 
3 N2, cm-3
4 O2, cm-3
5 Mass_density, g/cm-3
6 Temperature_neutral, K
7 N, cm-3

      1          2          3          4         5      6          7
    0.0  0.000E+00  2.096E+19  5.623E+18 1.290E-03  272.1  0.000E+00
    1.0  0.000E+00  1.872E+19  5.022E+18 1.152E-03  268.9  0.000E+00
    2.0  0.000E+00  1.680E+19  4.506E+18 1.033E-03  263.6  0.000E+00
    3.0  0.000E+00  1.511E+19  4.054E+18 9.298E-04  256.9  0.000E+00
    4.0  0.000E+00  1.360E+19  3.647E+18 8.365E-04  249.6  0.000E+00
    5.0  0.000E+00  1.220E+19  3.273E+18 7.506E-04  242.1  0.000E+00
    6.0  0.000E+00  1.090E+19  2.924E+18 6.705E-04  234.8  0.000E+00
    7.0  0.000E+00  9.676E+18  2.596E+18 5.953E-04  228.3  0.000E+00
    8.0  0.000E+00  8.529E+18  2.288E+18 5.248E-04  222.6  0.000E+00
    9.0  0.000E+00  7.458E+18  2.001E+18 4.588E-04  218.1  0.000E+00
   10.0  0.000E+00  6.465E+18  1.734E+18 3.978E-04  214.9  0.000E+00
   11.0  0.000E+00  5.559E+18  1.491E+18 3.420E-04  213.2  0.000E+00
   12.0  0.000E+00  4.753E+18  1.275E+18 2.924E-04  212.4  0.000E+00
   13.0  0.000E+00  4.051E+18  1.087E+18 2.492E-04  212.3  0.000E+00
   14.0  0.000E+00  3.450E+18  9.255E+17 2.123E-04  212.4  0.000E+00
   15.0  0.000E+00  2.941E+18  7.891E+17 1.810E-04  212.2  0.000E+00
   16.0  0.000E+00  2.514E+18  6.743E+17 1.546E-04  211.5  0.000E+00
   17.0  0.000E+00  2.151E+18  5.770E+17 1.323E-04  210.4  0.000E+00
   18.0  0.000E+00  1.841E+18  4.938E+17 1.133E-04  209.1  0.000E+00
   19.0  0.000E+00  1.574E+18  4.222E+17 9.682E-05  207.8  0.000E+00
   20.0  0.000E+00  1.343E+18  3.602E+17 8.261E-05  206.7  0.000E+00
   21.0  0.000E+00  1.143E+18  3.066E+17 7.031E-05  206.0  0.000E+00
   22.0  0.000E+00  9.703E+17  2.603E+17 5.970E-05  205.8  0.000E+00
   23.0  0.000E+00  8.224E+17  2.206E+17 5.060E-05  205.9  0.000E+00
   24.0  0.000E+00  6.960E+17  1.867E+17 4.282E-05  206.3  0.000E+00
   25.0  0.000E+00  5.883E+17  1.578E+17 3.620E-05  207.2  0.000E+00
   26.0  0.000E+00  4.969E+17  1.333E+17 3.057E-05  208.4  0.000E+00
   27.0  0.000E+00  4.195E+17  1.125E+17 2.581E-05  209.9  0.000E+00
   28.0  0.000E+00  3.540E+17  9.497E+16 2.178E-05  211.7  0.000E+00
   29.0  0.000E+00  2.988E+17  8.016E+16 1.838E-05  213.9  0.000E+00
   30.0  0.000E+00  2.523E+17  6.768E+16 1.552E-05  216.5  0.000E+00
   31.0  0.000E+00  2.131E+17  5.718E+16 1.311E-05  219.4  0.000E+00
   32.0  0.000E+00  1.802E+17  4.834E+16 1.109E-05  222.7  0.000E+00
   33.0  0.000E+00  1.525E+17  4.092E+16 9.384E-06  226.2  0.000E+00
   34.0  0.000E+00  1.294E+17  3.472E+16 7.962E-06  229.9  0.000E+00
   35.0  0.000E+00  1.101E+17  2.953E+16 6.773E-06  233.6  0.000E+00
   36.0  0.000E+00  9.390E+16  2.519E+16 5.777E-06  237.2  0.000E+00
   37.0  0.000E+00  8.031E+16  2.155E+16 4.941E-06  240.8  0.000E+00
   38.0  0.000E+00  6.889E+16  1.848E+16 4.238E-06  244.2  0.000E+00
   39.0  0.000E+00  5.925E+16  1.590E+16 3.646E-06  247.5  0.000E+00
   40.0  0.000E+00  5.111E+16  1.371E+16 3.145E-06  250.6  0.000E+00
   41.0  0.000E+00  4.422E+16  1.186E+16 2.720E-06  253.3  0.000E+00
   42.0  0.000E+00  3.836E+16  1.029E+16 2.360E-06  255.8  0.000E+00
   43.0  0.000E+00  3.337E+16  8.953E+15 2.053E-06  257.8  0.000E+00
   44.0  0.000E+00  2.911E+16  7.811E+15 1.791E-06  259.4  0.000E+00
   45.0  0.000E+00  2.547E+16  6.832E+15 1.567E-06  260.5  0.000E+00
   46.0  0.000E+00  2.234E+16  5.992E+15 1.374E-06  261.0  0.000E+00
   47.0  0.000E+00  1.963E+16  5.267E+15 1.208E-06  261.0  0.000E+00
   48.0  0.000E+00  1.728E+16  4.637E+15 1.063E-06  260.6  0.000E+00
   49.0  0.000E+00  1.524E+16  4.088E+15 9.375E-07  259.7  0.000E+00
   50.0  0.000E+00  1.345E+16  3.607E+15 8.272E-07  258.5  0.000E+00
   51.0  0.000E+00  1.187E+16  3.184E+15 7.303E-07  257.0  0.000E+00
   52.0  0.000E+00  1.048E+16  2.812E+15 6.449E-07  255.2  0.000E+00
   53.0  0.000E+00  9.254E+15  2.483E+15 5.693E-07  253.2  0.000E+00
   54.0  0.000E+00  8.166E+15  2.191E+15 5.024E-07  251.2  0.000E+00
   55.0  0.000E+00  7.202E+15  1.932E+15 4.431E-07  249.0  0.000E+00
   56.0  0.000E+00  6.345E+15  1.702E+15 3.904E-07  246.8  0.000E+00
   57.0  0.000E+00  5.584E+15  1.498E+15 3.436E-07  244.6  0.000E+00
   58.0  0.000E+00  4.909E+15  1.317E+15 3.021E-07  242.4  0.000E+00
   59.0  0.000E+00  4.311E+15  1.156E+15 2.652E-07  240.2  0.000E+00
   60.0  0.000E+00  3.780E+15  1.014E+15 2.326E-07  238.1  0.000E+00
   61.0  0.000E+00  3.310E+15  8.881E+14 2.037E-07  236.0  0.000E+00
   62.0  0.000E+00  2.895E+15  7.766E+14 1.781E-07  234.0  0.000E+00
   63.0  0.000E+00  2.528E+15  6.774E+14 1.555E-07  232.1  0.000E+00
   64.0  0.000E+00  2.204E+15  5.892E+14 1.355E-07  230.2  0.000E+00
   65.0  0.000E+00  1.919E+15  5.118E+14 1.179E-07  228.5  0.000E+00
   66.0  0.000E+00  1.669E+15  4.438E+14 1.025E-07  226.9  0.000E+00
   67.0  0.000E+00  1.449E+15  3.844E+14 8.891E-08  225.4  0.000E+00
   68.0  0.000E+00  1.256E+15  3.324E+14 7.703E-08  224.0  0.000E+00
   69.0  0.000E+00  1.087E+15  2.870E+14 6.665E-08  222.8  0.000E+00
   70.0  0.000E+00  9.400E+14  2.475E+14 5.758E-08  221.7  0.000E+00
   71.0  0.000E+00  8.115E+14  2.132E+14 4.969E-08  220.8  0.000E+00
   72.0  0.000E+00  6.997E+14  1.833E+14 4.282E-08  220.0  0.000E+00
   73.0  7.541E+06  6.034E+14  1.577E+14 3.691E-08  219.4  2.262E+04
   74.0  1.950E+07  5.198E+14  1.356E+14 3.178E-08  218.7  2.441E+04
   75.0  4.939E+07  4.479E+14  1.166E+14 2.737E-08  217.8  2.638E+04
   76.0  1.217E+08  3.859E+14  1.002E+14 2.356E-08  216.8  2.855E+04
   77.0  2.896E+08  3.324E+14  8.612E+13 2.029E-08  215.6  3.093E+04
   78.0  6.619E+08  2.863E+14  7.397E+13 1.746E-08  214.4  3.353E+04
   79.0  1.446E+09  2.465E+14  6.350E+13 1.503E-08  213.0  3.637E+04
   80.0  3.006E+09  2.122E+14  5.447E+13 1.292E-08  211.6  3.947E+04
   81.0  5.937E+09  1.825E+14  4.669E+13 1.111E-08  210.0  4.283E+04
   82.0  1.112E+10  1.568E+14  3.998E+13 9.538E-09  208.4  4.648E+04
   83.0  1.972E+10  1.347E+14  3.420E+13 8.184E-09  206.7  5.043E+04
   84.0  3.315E+10  1.156E+14  2.922E+13 7.016E-09  204.9  5.469E+04
   85.0  5.288E+10  9.907E+13  2.493E+13 6.008E-09  203.1  5.928E+04
   86.0  8.013E+10  8.482E+13  2.124E+13 5.139E-09  201.3  6.421E+04
   87.0  1.156E+11  7.254E+13  1.807E+13 4.391E-09  199.3  6.949E+04
   88.0  1.592E+11  6.196E+13  1.534E+13 3.747E-09  197.4  7.513E+04
   89.0  2.097E+11  5.285E+13  1.300E+13 3.194E-09  195.4  8.114E+04
   90.0  2.651E+11  4.501E+13  1.100E+13 2.718E-09  193.4  8.754E+04
   91.0  3.225E+11  3.828E+13  9.285E+12 2.310E-09  191.4  9.432E+04
   92.0  3.786E+11  3.249E+13  7.817E+12 1.960E-09  189.5  1.015E+05
   93.0  4.300E+11  2.751E+13  6.562E+12 1.660E-09  187.7  1.090E+05
   94.0  4.738E+11  2.324E+13  5.491E+12 1.402E-09  186.1  1.168E+05
   95.0  5.077E+11  1.958E+13  4.578E+12 1.181E-09  184.8  1.249E+05
   96.0  5.305E+11  1.645E+13  3.803E+12 9.926E-10  183.9  1.333E+05
   97.0  5.419E+11  1.378E+13  3.147E+12 8.320E-10  183.3  1.421E+05
   98.0  5.424E+11  1.151E+13  2.595E+12 6.955E-10  183.3  1.511E+05
   99.0  5.332E+11  9.593E+12  2.131E+12 5.800E-10  183.7  1.606E+05
  100.0  5.159E+11  7.975E+12  1.744E+12 4.825E-10  184.8  1.703E+05
  101.0  4.922E+11  6.615E+12  1.423E+12 4.005E-10  186.7  1.805E+05
  102.0  4.642E+11  5.479E+12  1.158E+12 3.320E-10  189.2  1.913E+05
  103.0  4.336E+11  4.535E+12  9.401E+11 2.751E-10  192.4  2.027E+05
  104.0  4.018E+11  3.754E+12  7.626E+11 2.280E-10  196.4  2.150E+05
  105.0  3.701E+11  3.110E+12  6.184E+11 1.891E-10  201.1  2.282E+05
  106.0  3.391E+11  2.580E+12  5.016E+11 1.570E-10  206.5  2.425E+05
  107.0  3.095E+11  2.143E+12  4.072E+11 1.306E-10  212.7  2.580E+05
  108.0  2.817E+11  1.785E+12  3.310E+11 1.089E-10  219.7  2.748E+05
  109.0  2.557E+11  1.490E+12  2.695E+11 9.108E-11  227.6  2.929E+05
  110.0  2.317E+11  1.247E+12  2.200E+11 7.639E-11  236.3  3.125E+05
  111.0  2.097E+11  1.047E+12  1.800E+11 6.427E-11  246.0  3.336E+05
  112.0  1.897E+11  8.821E+11  1.478E+11 5.427E-11  256.7  3.562E+05
  113.0  1.715E+11  7.459E+11  1.218E+11 4.600E-11  268.3  3.806E+05
  114.0  1.550E+11  6.331E+11  1.007E+11 3.914E-11  281.0  4.066E+05
  115.0  1.402E+11  5.396E+11  8.358E+10 3.345E-11  294.8  4.345E+05
  116.0  1.269E+11  4.618E+11  6.970E+10 2.871E-11  309.6  4.644E+05
  117.0  1.151E+11  3.971E+11  5.840E+10 2.475E-11  325.3  4.965E+05
  118.0  1.045E+11  3.432E+11  4.919E+10 2.145E-11  341.8  5.312E+05
  119.0  9.515E+10  2.981E+11  4.166E+10 1.869E-11  359.0  5.687E+05
  120.0  8.691E+10  2.605E+11  3.551E+10 1.638E-11  376.4  6.098E+05
  121.0  7.970E+10  2.291E+11  3.047E+10 1.445E-11  393.8  6.551E+05
  122.0  7.344E+10  2.029E+11  2.634E+10 1.284E-11  410.6  7.058E+05
  123.0  6.808E+10  1.811E+11  2.295E+10 1.149E-11  426.0  7.631E+05
  124.0  6.366E+10  1.634E+11  2.022E+10 1.040E-11  438.6  8.302E+05
  125.0  5.961E+10  1.478E+11  1.786E+10 9.437E-12  451.3  9.025E+05
  126.0  5.596E+10  1.342E+11  1.585E+10 8.596E-12  463.5  9.808E+05
  127.0  5.265E+10  1.222E+11  1.412E+10 7.857E-12  475.3  1.066E+06
  128.0  4.964E+10  1.117E+11  1.262E+10 7.204E-12  486.8  1.157E+06
  129.0  4.689E+10  1.023E+11  1.131E+10 6.625E-12  497.8  1.255E+06
  130.0  4.437E+10  9.404E+10  1.017E+10 6.109E-12  508.5  1.360E+06
  131.0  4.205E+10  8.662E+10  9.176E+09 5.648E-12  518.8  1.472E+06
  132.0  3.992E+10  7.997E+10  8.298E+09 5.234E-12  528.8  1.591E+06
  133.0  3.795E+10  7.399E+10  7.524E+09 4.861E-12  538.5  1.717E+06
  134.0  3.613E+10  6.859E+10  6.838E+09 4.524E-12  547.8  1.851E+06
  135.0  3.444E+10  6.370E+10  6.229E+09 4.218E-12  556.9  1.991E+06
  136.0  3.286E+10  5.926E+10  5.686E+09 3.940E-12  565.6  2.139E+06
  137.0  3.140E+10  5.522E+10  5.202E+09 3.687E-12  574.0  2.294E+06
  138.0  3.003E+10  5.154E+10  4.768E+09 3.455E-12  582.2  2.455E+06
  139.0  2.876E+10  4.817E+10  4.378E+09 3.243E-12  590.1  2.624E+06
  140.0  2.756E+10  4.508E+10  4.027E+09 3.048E-12  597.7  2.798E+06
  141.0  2.644E+10  4.224E+10  3.711E+09 2.869E-12  605.1  2.978E+06
  142.0  2.538E+10  3.963E+10  3.425E+09 2.704E-12  612.3  3.164E+06
  143.0  2.439E+10  3.722E+10  3.166E+09 2.552E-12  619.2  3.356E+06
  144.0  2.345E+10  3.500E+10  2.930E+09 2.410E-12  625.8  3.551E+06
  145.0  2.257E+10  3.294E+10  2.716E+09 2.280E-12  632.3  3.751E+06
  146.0  2.173E+10  3.103E+10  2.521E+09 2.158E-12  638.5  3.955E+06
  147.0  2.094E+10  2.926E+10  2.343E+09 2.045E-12  644.6  4.162E+06
  148.0  2.019E+10  2.762E+10  2.180E+09 1.940E-12  650.4  4.371E+06
  149.0  1.948E+10  2.608E+10  2.031E+09 1.841E-12  656.1  4.582E+06
  150.0  1.881E+10  2.466E+10  1.894E+09 1.750E-12  661.5  4.794E+06
  151.0  1.817E+10  2.333E+10  1.768E+09 1.664E-12  666.8  5.006E+06
  152.0  1.756E+10  2.208E+10  1.653E+09 1.583E-12  671.9  5.218E+06
  153.0  1.698E+10  2.092E+10  1.546E+09 1.508E-12  676.8  5.429E+06
  154.0  1.642E+10  1.983E+10  1.447E+09 1.437E-12  681.6  5.639E+06
  155.0  1.589E+10  1.881E+10  1.356E+09 1.371E-12  686.2  5.846E+06
  156.0  1.539E+10  1.785E+10  1.272E+09 1.308E-12  690.7  6.051E+06
  157.0  1.490E+10  1.695E+10  1.194E+09 1.249E-12  695.0  6.251E+06
  158.0  1.444E+10  1.610E+10  1.122E+09 1.194E-12  699.2  6.448E+06
  159.0  1.400E+10  1.531E+10  1.055E+09 1.141E-12  703.2  6.640E+06
  160.0  1.357E+10  1.456E+10  9.921E+08 1.092E-12  707.1  6.826E+06
  161.0  1.316E+10  1.384E+10  9.339E+08 1.044E-12  710.9  7.006E+06
  162.0  1.277E+10  1.317E+10  8.798E+08 1.000E-12  714.6  7.180E+06
  163.0  1.240E+10  1.254E+10  8.292E+08 9.580E-13  718.1  7.347E+06
  164.0  1.204E+10  1.195E+10  7.821E+08 9.183E-13  721.5  7.507E+06
  165.0  1.169E+10  1.139E+10  7.380E+08 8.807E-13  724.8  7.659E+06
  166.0  1.136E+10  1.086E+10  6.968E+08 8.449E-13  728.0  7.803E+06
  167.0  1.104E+10  1.036E+10  6.583E+08 8.110E-13  731.1  7.939E+06
  168.0  1.073E+10  9.886E+09  6.222E+08 7.787E-13  734.1  8.067E+06
  169.0  1.043E+10  9.436E+09  5.883E+08 7.480E-13  737.0  8.185E+06
  170.0  1.014E+10  9.009E+09  5.566E+08 7.188E-13  739.8  8.295E+06
  171.0  9.862E+09  8.604E+09  5.268E+08 6.910E-13  742.5  8.396E+06
  172.0  9.594E+09  8.220E+09  4.988E+08 6.645E-13  745.1  8.488E+06
  173.0  9.336E+09  7.856E+09  4.725E+08 6.393E-13  747.7  8.571E+06
  174.0  9.086E+09  7.509E+09  4.478E+08 6.152E-13  750.1  8.645E+06
  175.0  8.845E+09  7.180E+09  4.245E+08 5.922E-13  752.5  8.709E+06
  176.0  8.611E+09  6.867E+09  4.026E+08 5.702E-13  754.8  8.765E+06
  177.0  8.385E+09  6.569E+09  3.819E+08 5.493E-13  757.0  8.812E+06
  178.0  8.167E+09  6.286E+09  3.624E+08 5.292E-13  759.2  8.851E+06
  179.0  7.956E+09  6.016E+09  3.441E+08 5.101E-13  761.2  8.881E+06
  180.0  7.751E+09  5.759E+09  3.267E+08 4.917E-13  763.2  8.902E+06
  181.0  7.553E+09  5.514E+09  3.103E+08 4.742E-13  765.2  8.916E+06
  182.0  7.361E+09  5.281E+09  2.949E+08 4.574E-13  767.1  8.921E+06
  183.0  7.175E+09  5.058E+09  2.803E+08 4.413E-13  768.9  8.919E+06
  184.0  6.994E+09  4.846E+09  2.664E+08 4.259E-13  770.6  8.910E+06
  185.0  6.819E+09  4.644E+09  2.534E+08 4.112E-13  772.4  8.894E+06
  186.0  6.650E+09  4.451E+09  2.410E+08 3.970E-13  774.0  8.870E+06
  187.0  6.485E+09  4.266E+09  2.293E+08 3.834E-13  775.6  8.840E+06
  188.0  6.325E+09  4.090E+09  2.182E+08 3.704E-13  777.1  8.804E+06
  189.0  6.170E+09  3.922E+09  2.077E+08 3.578E-13  778.6  8.763E+06
  190.0  6.019E+09  3.761E+09  1.977E+08 3.458E-13  780.1  8.715E+06
  191.0  5.873E+09  3.607E+09  1.883E+08 3.343E-13  781.5  8.662E+06
  192.0  5.731E+09  3.461E+09  1.793E+08 3.232E-13  782.8  8.604E+06
  193.0  5.593E+09  3.320E+09  1.708E+08 3.125E-13  784.1  8.542E+06
  194.0  5.458E+09  3.186E+09  1.628E+08 3.023E-13  785.4  8.475E+06
  195.0  5.328E+09  3.057E+09  1.551E+08 2.924E-13  786.6  8.404E+06
  196.0  5.201E+09  2.935E+09  1.478E+08 2.830E-13  787.8  8.329E+06
  197.0  5.078E+09  2.817E+09  1.409E+08 2.738E-13  788.9  8.250E+06
  198.0  4.958E+09  2.704E+09  1.344E+08 2.650E-13  790.0  8.169E+06
  199.0  4.841E+09  2.597E+09  1.281E+08 2.566E-13  791.1  8.084E+06
  200.0  4.727E+09  2.493E+09  1.222E+08 2.484E-13  792.1  7.997E+06
  201.0  4.616E+09  2.394E+09  1.166E+08 2.406E-13  793.1  7.907E+06
  202.0  4.509E+09  2.300E+09  1.112E+08 2.330E-13  794.1  7.814E+06
  203.0  4.404E+09  2.209E+09  1.061E+08 2.258E-13  795.1  7.720E+06
  204.0  4.302E+09  2.122E+09  1.013E+08 2.187E-13  796.0  7.624E+06
  205.0  4.202E+09  2.039E+09  9.667E+07 2.120E-13  796.8  7.527E+06
  206.0  4.105E+09  1.959E+09  9.228E+07 2.054E-13  797.7  7.428E+06
  207.0  4.011E+09  1.882E+09  8.809E+07 1.991E-13  798.5  7.328E+06
  208.0  3.919E+09  1.809E+09  8.411E+07 1.931E-13  799.3  7.227E+06
  209.0  3.829E+09  1.738E+09  8.032E+07 1.872E-13  800.1  7.125E+06
  210.0  3.742E+09  1.671E+09  7.670E+07 1.816E-13  800.8  7.023E+06
  211.0  3.657E+09  1.606E+09  7.326E+07 1.761E-13  801.5  6.920E+06
  212.0  3.574E+09  1.544E+09  6.998E+07 1.708E-13  802.2  6.817E+06
  213.0  3.493E+09  1.484E+09  6.685E+07 1.657E-13  802.9  6.713E+06
  214.0  3.414E+09  1.427E+09  6.387E+07 1.608E-13  803.6  6.610E+06
  215.0  3.337E+09  1.372E+09  6.103E+07 1.560E-13  804.2  6.506E+06
  216.0  3.262E+09  1.319E+09  5.832E+07 1.514E-13  804.8  6.403E+06
  217.0  3.189E+09  1.269E+09  5.574E+07 1.470E-13  805.4  6.300E+06
  218.0  3.117E+09  1.220E+09  5.327E+07 1.427E-13  806.0  6.198E+06
  219.0  3.048E+09  1.173E+09  5.092E+07 1.386E-13  806.5  6.096E+06
  220.0  2.980E+09  1.129E+09  4.868E+07 1.345E-13  807.1  5.994E+06
  221.0  2.913E+09  1.085E+09  4.654E+07 1.307E-13  807.6  5.893E+06
  222.0  2.849E+09  1.044E+09  4.449E+07 1.269E-13  808.1  5.793E+06
  223.0  2.785E+09  1.004E+09  4.254E+07 1.233E-13  808.6  5.694E+06
  224.0  2.724E+09  9.663E+08  4.068E+07 1.198E-13  809.1  5.596E+06
  225.0  2.664E+09  9.296E+08  3.890E+07 1.164E-13  809.5  5.498E+06
  226.0  2.605E+09  8.944E+08  3.721E+07 1.131E-13  810.0  5.402E+06
  227.0  2.547E+09  8.605E+08  3.558E+07 1.099E-13  810.4  5.306E+06
  228.0  2.491E+09  8.280E+08  3.404E+07 1.068E-13  810.8  5.212E+06
  229.0  2.437E+09  7.968E+08  3.256E+07 1.038E-13  811.2  5.119E+06
  230.0  2.383E+09  7.667E+08  3.115E+07 1.009E-13  811.6  5.026E+06
  231.0  2.331E+09  7.379E+08  2.980E+07 9.810E-14  812.0  4.935E+06
  232.0  2.280E+09  7.101E+08  2.851E+07 9.538E-14  812.3  4.846E+06
  233.0  2.230E+09  6.834E+08  2.728E+07 9.275E-14  812.7  4.757E+06
  234.0  2.182E+09  6.578E+08  2.610E+07 9.020E-14  813.0  4.670E+06
  235.0  2.134E+09  6.331E+08  2.498E+07 8.773E-14  813.3  4.583E+06
  236.0  2.088E+09  6.094E+08  2.390E+07 8.533E-14  813.7  4.498E+06
  237.0  2.042E+09  5.866E+08  2.287E+07 8.301E-14  814.0  4.415E+06
  238.0  1.998E+09  5.647E+08  2.189E+07 8.075E-14  814.3  4.332E+06
  239.0  1.955E+09  5.436E+08  2.095E+07 7.857E-14  814.6  4.251E+06
  240.0  1.912E+09  5.233E+08  2.006E+07 7.645E-14  814.8  4.171E+06
  241.0  1.871E+09  5.038E+08  1.920E+07 7.440E-14  815.1  4.093E+06
  242.0  1.831E+09  4.850E+08  1.838E+07 7.241E-14  815.4  4.016E+06
  243.0  1.791E+09  4.670E+08  1.759E+07 7.047E-14  815.6  3.940E+06
  244.0  1.752E+09  4.496E+08  1.684E+07 6.860E-14  815.9  3.865E+06
  245.0  1.715E+09  4.329E+08  1.613E+07 6.678E-14  816.1  3.791E+06
  246.0  1.678E+09  4.168E+08  1.544E+07 6.501E-14  816.3  3.719E+06
  247.0  1.642E+09  4.014E+08  1.478E+07 6.330E-14  816.6  3.648E+06
  248.0  1.607E+09  3.865E+08  1.415E+07 6.163E-14  816.8  3.578E+06
  249.0  1.572E+09  3.722E+08  1.355E+07 6.002E-14  817.0  3.510E+06
  250.0  1.538E+09  3.584E+08  1.298E+07 5.845E-14  817.2  3.443E+06
  251.0  1.505E+09  3.452E+08  1.243E+07 5.693E-14  817.4  3.377E+06
  252.0  1.473E+09  3.324E+08  1.190E+07 5.545E-14  817.6  3.312E+06
  253.0  1.442E+09  3.201E+08  1.140E+07 5.401E-14  817.7  3.248E+06
  254.0  1.411E+09  3.083E+08  1.092E+07 5.262E-14  817.9  3.186E+06
  255.0  1.381E+09  2.970E+08  1.046E+07 5.126E-14  818.1  3.124E+06
  256.0  1.351E+09  2.860E+08  1.002E+07 4.995E-14  818.3  3.064E+06
  257.0  1.323E+09  2.755E+08  9.593E+06 4.867E-14  818.4  3.005E+06
  258.0  1.294E+09  2.653E+08  9.189E+06 4.743E-14  818.6  2.947E+06
  259.0  1.267E+09  2.556E+08  8.802E+06 4.622E-14  818.7  2.890E+06
  260.0  1.240E+09  2.462E+08  8.432E+06 4.504E-14  818.9  2.834E+06
  261.0  1.214E+09  2.371E+08  8.078E+06 4.390E-14  819.0  2.780E+06
  262.0  1.188E+09  2.284E+08  7.738E+06 4.279E-14  819.2  2.726E+06
  263.0  1.163E+09  2.201E+08  7.413E+06 4.172E-14  819.3  2.673E+06
  264.0  1.138E+09  2.120E+08  7.102E+06 4.067E-14  819.4  2.622E+06
  265.0  1.114E+09  2.042E+08  6.805E+06 3.965E-14  819.5  2.571E+06
  266.0  1.090E+09  1.967E+08  6.520E+06 3.866E-14  819.7  2.521E+06
  267.0  1.067E+09  1.895E+08  6.247E+06 3.769E-14  819.8  2.473E+06
  268.0  1.045E+09  1.826E+08  5.985E+06 3.676E-14  819.9  2.425E+06
  269.0  1.023E+09  1.759E+08  5.735E+06 3.584E-14  820.0  2.378E+06
  270.0  1.001E+09  1.695E+08  5.495E+06 3.496E-14  820.1  2.332E+06
  271.0  9.801E+08  1.633E+08  5.266E+06 3.410E-14  820.2  2.287E+06
  272.0  9.594E+08  1.573E+08  5.046E+06 3.326E-14  820.3  2.243E+06
  273.0  9.392E+08  1.516E+08  4.836E+06 3.244E-14  820.4  2.200E+06
  274.0  9.194E+08  1.461E+08  4.634E+06 3.164E-14  820.5  2.157E+06
  275.0  9.001E+08  1.408E+08  4.441E+06 3.087E-14  820.6  2.116E+06
  276.0  8.811E+08  1.356E+08  4.256E+06 3.012E-14  820.7  2.075E+06
  277.0  8.626E+08  1.307E+08  4.079E+06 2.939E-14  820.8  2.035E+06
  278.0  8.445E+08  1.259E+08  3.909E+06 2.867E-14  820.8  1.996E+06
  279.0  8.268E+08  1.213E+08  3.747E+06 2.798E-14  820.9  1.958E+06
  280.0  8.094E+08  1.169E+08  3.591E+06 2.730E-14  821.0  1.920E+06
  281.0  7.924E+08  1.127E+08  3.442E+06 2.664E-14  821.1  1.883E+06
  282.0  7.758E+08  1.086E+08  3.299E+06 2.600E-14  821.1  1.847E+06
  283.0  7.596E+08  1.046E+08  3.162E+06 2.538E-14  821.2  1.812E+06
  284.0  7.437E+08  1.008E+08  3.031E+06 2.477E-14  821.3  1.777E+06
  285.0  7.281E+08  9.719E+07  2.906E+06 2.418E-14  821.3  1.743E+06
  286.0  7.129E+08  9.367E+07  2.785E+06 2.360E-14  821.4  1.710E+06
  287.0  6.979E+08  9.027E+07  2.670E+06 2.304E-14  821.5  1.677E+06
  288.0  6.834E+08  8.700E+07  2.559E+06 2.250E-14  821.5  1.645E+06
  289.0  6.691E+08  8.385E+07  2.454E+06 2.196E-14  821.6  1.613E+06
  290.0  6.551E+08  8.081E+07  2.352E+06 2.144E-14  821.6  1.583E+06
  291.0  6.414E+08  7.789E+07  2.255E+06 2.094E-14  821.7  1.553E+06
  292.0  6.281E+08  7.507E+07  2.162E+06 2.045E-14  821.7  1.523E+06
  293.0  6.150E+08  7.236E+07  2.073E+06 1.997E-14  821.8  1.494E+06
  294.0  6.021E+08  6.974E+07  1.987E+06 1.950E-14  821.8  1.466E+06
  295.0  5.896E+08  6.722E+07  1.905E+06 1.904E-14  821.9  1.438E+06
  296.0  5.773E+08  6.479E+07  1.827E+06 1.860E-14  821.9  1.410E+06
  297.0  5.653E+08  6.245E+07  1.751E+06 1.816E-14  822.0  1.384E+06
  298.0  5.535E+08  6.020E+07  1.679E+06 1.774E-14  822.0  1.357E+06
  299.0  5.420E+08  5.803E+07  1.610E+06 1.733E-14  822.1  1.332E+06
  300.0  5.308E+08  5.594E+07  1.544E+06 1.693E-14  822.1  1.306E+06
  301.0  5.197E+08  5.392E+07  1.480E+06 1.654E-14  822.1  1.282E+06
  302.0  5.089E+08  5.198E+07  1.419E+06 1.616E-14  822.2  1.257E+06
  303.0  4.984E+08  5.011E+07  1.361E+06 1.578E-14  822.2  1.234E+06
  304.0  4.880E+08  4.830E+07  1.305E+06 1.542E-14  822.2  1.210E+06
  305.0  4.779E+08  4.656E+07  1.251E+06 1.507E-14  822.3  1.188E+06
  306.0  4.680E+08  4.489E+07  1.200E+06 1.472E-14  822.3  1.165E+06
  307.0  4.583E+08  4.327E+07  1.151E+06 1.439E-14  822.3  1.143E+06
  308.0  4.488E+08  4.172E+07  1.104E+06 1.406E-14  822.4  1.122E+06
  309.0  4.395E+08  4.022E+07  1.058E+06 1.374E-14  822.4  1.101E+06
  310.0  4.304E+08  3.877E+07  1.015E+06 1.343E-14  822.4  1.080E+06
  311.0  4.215E+08  3.738E+07  9.734E+05 1.312E-14  822.5  1.060E+06
  312.0  4.128E+08  3.604E+07  9.335E+05 1.282E-14  822.5  1.040E+06
  313.0  4.042E+08  3.475E+07  8.953E+05 1.253E-14  822.5  1.021E+06
  314.0  3.959E+08  3.350E+07  8.586E+05 1.225E-14  822.5  1.002E+06
  315.0  3.877E+08  3.230E+07  8.235E+05 1.198E-14  822.6  9.829E+05
  316.0  3.797E+08  3.114E+07  7.898E+05 1.171E-14  822.6  9.645E+05
  317.0  3.718E+08  3.002E+07  7.575E+05 1.144E-14  822.6  9.465E+05
  318.0  3.642E+08  2.895E+07  7.266E+05 1.119E-14  822.6  9.289E+05
  319.0  3.566E+08  2.791E+07  6.969E+05 1.094E-14  822.7  9.116E+05
  320.0  3.493E+08  2.691E+07  6.684E+05 1.069E-14  822.7  8.946E+05
  321.0  3.421E+08  2.595E+07  6.411E+05 1.045E-14  822.7  8.780E+05
  322.0  3.350E+08  2.502E+07  6.150E+05 1.022E-14  822.7  8.617E+05
  323.0  3.281E+08  2.413E+07  5.899E+05 9.994E-15  822.7  8.457E+05
  324.0  3.214E+08  2.326E+07  5.658E+05 9.772E-15  822.8  8.300E+05
  325.0  3.148E+08  2.243E+07  5.428E+05 9.555E-15  822.8  8.146E+05
  326.0  3.083E+08  2.163E+07  5.206E+05 9.344E-15  822.8  7.996E+05
  327.0  3.019E+08  2.086E+07  4.994E+05 9.137E-15  822.8  7.848E+05
  328.0  2.957E+08  2.011E+07  4.791E+05 8.936E-15  822.8  7.703E+05
  329.0  2.896E+08  1.940E+07  4.596E+05 8.739E-15  822.8  7.560E+05
  330.0  2.837E+08  1.870E+07  4.409E+05 8.547E-15  822.9  7.421E+05
  331.0  2.779E+08  1.804E+07  4.230E+05 8.359E-15  822.9  7.284E+05
  332.0  2.722E+08  1.739E+07  4.058E+05 8.176E-15  822.9  7.150E+05
  333.0  2.666E+08  1.677E+07  3.893E+05 7.997E-15  822.9  7.018E+05
  334.0  2.611E+08  1.618E+07  3.734E+05 7.822E-15  822.9  6.889E+05
  335.0  2.557E+08  1.560E+07  3.583E+05 7.652E-15  822.9  6.762E+05
  336.0  2.505E+08  1.504E+07  3.437E+05 7.485E-15  822.9  6.638E+05
  337.0  2.454E+08  1.451E+07  3.298E+05 7.322E-15  823.0  6.516E+05
  338.0  2.403E+08  1.399E+07  3.164E+05 7.163E-15  823.0  6.396E+05
  339.0  2.354E+08  1.349E+07  3.035E+05 7.008E-15  823.0  6.279E+05
  340.0  2.306E+08  1.301E+07  2.912E+05 6.856E-15  823.0  6.164E+05
  341.0  2.259E+08  1.255E+07  2.794E+05 6.707E-15  823.0  6.051E+05
  342.0  2.212E+08  1.211E+07  2.681E+05 6.563E-15  823.0  5.940E+05
  343.0  2.167E+08  1.168E+07  2.572E+05 6.421E-15  823.0  5.832E+05
  344.0  2.123E+08  1.126E+07  2.468E+05 6.283E-15  823.0  5.725E+05
  345.0  2.079E+08  1.086E+07  2.368E+05 6.147E-15  823.0  5.621E+05
  346.0  2.037E+08  1.048E+07  2.272E+05 6.015E-15  823.1  5.518E+05
  347.0  1.995E+08  1.010E+07  2.180E+05 5.886E-15  823.1  5.417E+05
  348.0  1.954E+08  9.745E+06  2.092E+05 5.760E-15  823.1  5.319E+05
  349.0  1.914E+08  9.400E+06  2.008E+05 5.637E-15  823.1  5.222E+05
  350.0  1.875E+08  9.066E+06  1.926E+05 5.517E-15  823.1  5.127E+05
  351.0  1.837E+08  8.745E+06  1.849E+05 5.399E-15  823.1  5.034E+05
  352.0  1.800E+08  8.435E+06  1.774E+05 5.284E-15  823.1  4.942E+05
  353.0  1.763E+08  8.137E+06  1.702E+05 5.171E-15  823.1  4.852E+05
  354.0  1.727E+08  7.848E+06  1.633E+05 5.061E-15  823.1  4.764E+05
  355.0  1.692E+08  7.571E+06  1.568E+05 4.954E-15  823.1  4.678E+05
  356.0  1.657E+08  7.303E+06  1.504E+05 4.849E-15  823.1  4.593E+05
  357.0  1.623E+08  7.044E+06  1.444E+05 4.746E-15  823.1  4.510E+05
  358.0  1.590E+08  6.795E+06  1.385E+05 4.646E-15  823.1  4.428E+05
  359.0  1.558E+08  6.555E+06  1.330E+05 4.548E-15  823.2  4.348E+05
  360.0  1.526E+08  6.323E+06  1.276E+05 4.452E-15  823.2  4.269E+05
  361.0  1.495E+08  6.100E+06  1.225E+05 4.358E-15  823.2  4.192E+05
  362.0  1.465E+08  5.884E+06  1.175E+05 4.266E-15  823.2  4.116E+05
  363.0  1.435E+08  5.677E+06  1.128E+05 4.177E-15  823.2  4.042E+05
  364.0  1.406E+08  5.476E+06  1.083E+05 4.089E-15  823.2  3.969E+05
  365.0  1.377E+08  5.283E+06  1.039E+05 4.003E-15  823.2  3.897E+05
  366.0  1.349E+08  5.097E+06  9.972E+04 3.920E-15  823.2  3.827E+05
  367.0  1.322E+08  4.917E+06  9.571E+04 3.838E-15  823.2  3.758E+05
  368.0  1.295E+08  4.743E+06  9.186E+04 3.757E-15  823.2  3.690E+05
  369.0  1.269E+08  4.576E+06  8.817E+04 3.679E-15  823.2  3.624E+05
  370.0  1.243E+08  4.415E+06  8.462E+04 3.602E-15  823.2  3.559E+05
  371.0  1.218E+08  4.259E+06  8.123E+04 3.528E-15  823.2  3.495E+05
  372.0  1.193E+08  4.109E+06  7.796E+04 3.454E-15  823.2  3.432E+05
  373.0  1.169E+08  3.965E+06  7.483E+04 3.383E-15  823.2  3.370E+05
  374.0  1.145E+08  3.825E+06  7.183E+04 3.312E-15  823.2  3.310E+05
  375.0  1.122E+08  3.691E+06  6.895E+04 3.244E-15  823.2  3.251E+05
  376.0  1.099E+08  3.561E+06  6.619E+04 3.177E-15  823.2  3.192E+05
  377.0  1.077E+08  3.436E+06  6.353E+04 3.111E-15  823.2  3.135E+05
  378.0  1.055E+08  3.315E+06  6.099E+04 3.047E-15  823.2  3.079E+05
  379.0  1.034E+08  3.198E+06  5.854E+04 2.984E-15  823.2  3.024E+05
  380.0  1.013E+08  3.086E+06  5.620E+04 2.923E-15  823.2  2.970E+05
  381.0  9.925E+07  2.978E+06  5.395E+04 2.863E-15  823.2  2.917E+05
  382.0  9.724E+07  2.873E+06  5.179E+04 2.804E-15  823.3  2.864E+05
  383.0  9.528E+07  2.772E+06  4.971E+04 2.746E-15  823.3  2.813E+05
  384.0  9.335E+07  2.675E+06  4.773E+04 2.690E-15  823.3  2.763E+05
  385.0  9.146E+07  2.581E+06  4.582E+04 2.635E-15  823.3  2.714E+05
  386.0  8.962E+07  2.491E+06  4.399E+04 2.581E-15  823.3  2.665E+05
  387.0  8.781E+07  2.403E+06  4.223E+04 2.528E-15  823.3  2.618E+05
  388.0  8.604E+07  2.319E+06  4.054E+04 2.477E-15  823.3  2.571E+05
  389.0  8.430E+07  2.238E+06  3.892E+04 2.426E-15  823.3  2.525E+05
  390.0  8.260E+07  2.159E+06  3.737E+04 2.377E-15  823.3  2.480E+05
  391.0  8.093E+07  2.084E+06  3.587E+04 2.329E-15  823.3  2.436E+05
  392.0  7.930E+07  2.011E+06  3.444E+04 2.281E-15  823.3  2.393E+05
  393.0  7.771E+07  1.940E+06  3.307E+04 2.235E-15  823.3  2.350E+05
  394.0  7.614E+07  1.873E+06  3.175E+04 2.190E-15  823.3  2.308E+05
  395.0  7.461E+07  1.807E+06  3.048E+04 2.146E-15  823.3  2.267E+05
  396.0  7.310E+07  1.744E+06  2.927E+04 2.102E-15  823.3  2.227E+05
  397.0  7.163E+07  1.683E+06  2.810E+04 2.060E-15  823.3  2.188E+05
  398.0  7.019E+07  1.624E+06  2.698E+04 2.018E-15  823.3  2.149E+05
  399.0  6.878E+07  1.567E+06  2.591E+04 1.978E-15  823.3  2.111E+05
  400.0  6.740E+07  1.513E+06  2.488E+04 1.938E-15  823.3  2.073E+05